exp-1-1:0.10808134078979492
exp-1-1:0.10891726414362589
exp-1-1:0.10708640243121303
exp-5-1:0.5176790555318197
exp-5-1:0.5205079687052759
exp-5-1:0.5353881001777356
exp-1-5:0.8066494464874268
exp-1-5:0.8367882370948792
exp-1-5:0.8141052254608699
exp-1-5:2.8053964614868163
exp-1-5:3.380763800938924
exp-1-5:3.777202097993148
